A=
  0.840188   0.394383   0.783099 
  0.394383    0.79844   0.911647 
  0.783099   0.911647   0.197551 
V=
 -0.328531    0.74968   0.574497 
 -0.448222  -0.659154   0.603832 
  0.831363  -0.059125   0.552576 
VtAV= , should be D
 -0.603415 -1.7702e-14 -6.21661e-23 
-1.76499e-14   0.431667          0 
9.08014e-17 6.85816e-17    2.00793 

 end of ordinary 

A=
  0.335223    0.76823   0.277775 
   0.76823    0.55397   0.477397 
  0.277775   0.477397   0.628871 

-0.714688
p=0, j=0, værdi=-0.33138
p=1, j=0, værdi=-1.11022e-16
p=2, j=0, værdi=-0.103075

0.105736
p=0, j=0, værdi=-0.34232
p=1, j=0, værdi=0.0572684
p=2, j=0, værdi=1.38778e-17

-0.938491
p=0, j=1, værdi=0.186559
p=1, j=1, værdi=0.261922
p=2, j=1, værdi=-0.0590949
A=
  -0.34232   0.033846  0.0461966 
  0.186559   0.261922 -0.0590949 
-0.0361282  -0.192537   0.813738 

-0.0557814
p=0, j=0, værdi=-0.35271
p=1, j=0, værdi=-0.000474683
p=2, j=0, værdi=0.0494194

-0.0422665
p=0, j=0, værdi=-0.351644
p=1, j=0, værdi=0.00773363
p=2, j=0, værdi=0.00013347

0.0947497
p=0, j=1, værdi=0.167581
p=1, j=1, værdi=0.253577
p=2, j=1, værdi=0.00127514
A=
 -0.351644 0.00771157 -0.000598791 
  0.167581   0.253577 0.00127514 
-0.0596986  -0.116564   0.826677 

-0.012739
p=0, j=0, værdi=-0.353779
p=1, j=0, værdi=-2.59425e-05
p=2, j=0, værdi=-0.000614986

0.000520973
p=0, j=0, værdi=-0.353809
p=1, j=0, værdi=-8.70606e-05
p=2, j=0, værdi=1.56317e-08

-0.00208316
p=0, j=1, værdi=0.164458
p=1, j=1, værdi=0.255935
p=2, j=1, værdi=5.14258e-07
A=
 -0.353809 -8.70605e-05 -1.65729e-07 
  0.164458   0.255935 5.14258e-07 
-0.0577782  -0.119037   0.826461 

0.000142782
p=0, j=0, værdi=-0.353786
p=1, j=0, værdi=-3.35452e-09
p=2, j=0, værdi=-1.65656e-07

1.40357e-07
p=0, j=0, værdi=-0.353786
p=1, j=0, værdi=-2.00611e-08
p=2, j=0, værdi=1.13857e-15

-8.60872e-07
p=0, j=1, værdi=0.164495
p=1, j=1, værdi=0.255912
p=2, j=1, værdi=8.82129e-14
A=
 -0.353786 -2.00611e-08 -1.61315e-14 
  0.164495   0.255912 8.82129e-14 
-0.0577951   -0.11903   0.826461 

3.29033e-08
p=0, j=0, værdi=-0.353786
p=1, j=0, værdi=-1.78087e-16
p=2, j=0, værdi=-1.61315e-14
A=
 -0.353786 -1.78087e-16 -1.61315e-14 
  0.164495   0.255912 8.82129e-14 
-0.0577951   -0.11903   0.826461 
A=
 -0.353786 -1.78087e-16 -1.61315e-14 
  0.164495   0.255912 8.82129e-14 
-0.0577951   -0.11903   0.826461 
V=
  0.697132   0.546871   0.463615 
 -0.704169   0.400765   0.586117 
   0.13473  -0.735064   0.664476 
VtAV= , should be D
 -0.353786 -1.78087e-16 -1.61315e-14 
  0.164495   0.255912 8.82129e-14 
-0.0577951   -0.11903   0.826461 

-4

