Gamma(5)=3.17805
Bessel(0.5)=0.242268
sqrt(-2)=0 +i1.41421
exp(iπ)=-1 + i1.22465e-16
exp(i)=0.540302 + i0.841471
i^e=-0.42822 +i-0.903675
i^i=0.20788 +i0
float=0.1111111119389533996582031
double=0.1111111111111111049432054
long double=0.1111111111111111111096053
