A.1 
Random matrix A = 
  0.840188   0.394383   0.783099    0.79844   0.911647   0.197551   0.335223 
   0.76823   0.277775    0.55397   0.477397   0.628871   0.364784   0.513401 
   0.95223   0.916195   0.635712   0.717297   0.141603   0.606969  0.0163006 
  0.242887   0.137232   0.804177   0.156679   0.400944    0.12979   0.108809 
  0.998925   0.218257   0.512932   0.839112    0.61264   0.296032   0.637552 
  0.524287   0.493583   0.972775   0.292517   0.771358   0.526745   0.769914 
  0.400229   0.891529   0.283315   0.352458   0.807725   0.919026  0.0697553 

Results after decomposition: 
R = 
   1.92217    1.18831    1.57113    1.50419    1.46759    1.03811   0.929393 
         0   0.874617   0.152306 -0.0223024   0.239628   0.758625   -0.24967 
         0          0   0.876908 -0.0836506   0.485683  0.0286155   0.363039 
         0          0          0   0.219752   0.251811  -0.128335  -0.213498 
         0          0          0          0   0.720819   0.264408   0.400255 
         0          0          0          0          0    0.16334    0.10341 
         0          0          0          0          0          0   0.343196 
Q = 
  0.437104  -0.142954   0.134707   0.678184  0.0946345  -0.548564  0.0233885 
  0.399668  -0.225417 -0.0451903  -0.603353   0.374874  -0.332827  -0.414817 
  0.495393   0.374468  -0.227674  -0.175484  -0.721956  -0.101001 -0.0175433 
  0.126361 -0.0147764   0.693229   0.110433  -0.201796   0.352125  -0.571261 
  0.519686   -0.45653   -0.26688   0.113303  0.0838463   0.629889    0.18345 
  0.272758   0.193757   0.586979  -0.292791   0.157145 0.00417853   0.658088 
  0.208217   0.736441  -0.177882   0.185684   0.506801   0.239442  -0.184391 

Checks:
Check that Q^T*Q = 1: 
Q^T*Q =
         1 -8.32667e-17 -2.56739e-16 7.91034e-16 -3.46945e-16 -1.08941e-15 1.94289e-16 
-8.32667e-17          1          0 5.55112e-17 -1.11022e-16 -2.38698e-15 1.16573e-15 
-2.56739e-16          0          1 -1.04083e-16 6.93889e-17 -6.93889e-17 -1.17961e-16 
7.91034e-16 5.55112e-17 -1.04083e-16          1          0 4.85723e-17 6.93889e-17 
-3.46945e-16 -1.11022e-16 6.93889e-17          0          1 5.68989e-16 4.44089e-16 
-1.08941e-15 -2.38698e-15 -6.93889e-17 4.85723e-17 5.68989e-16          1 1.04083e-16 
1.94289e-16 1.16573e-15 -1.17961e-16 6.93889e-17 4.44089e-16 1.04083e-16          1 
Check that QR=A:
QR=
  0.840188   0.394383   0.783099    0.79844   0.911647   0.197551   0.335223 
   0.76823   0.277775    0.55397   0.477397   0.628871   0.364784   0.513401 
   0.95223   0.916195   0.635712   0.717297   0.141603   0.606969  0.0163006 
  0.242887   0.137232   0.804177   0.156679   0.400944    0.12979   0.108809 
  0.998925   0.218257   0.512932   0.839112    0.61264   0.296032   0.637552 
  0.524287   0.493583   0.972775   0.292517   0.771358   0.526745   0.769914 
  0.400229   0.891529   0.283315   0.352458   0.807725   0.919026  0.0697553 


 A.2 
A = 
  0.840188   0.394383   0.783099    0.79844   0.911647   0.197551   0.335223 
   0.76823   0.277775    0.55397   0.477397   0.628871   0.364784   0.513401 
   0.95223   0.916195   0.635712   0.717297   0.141603   0.606969  0.0163006 
  0.242887   0.137232   0.804177   0.156679   0.400944    0.12979   0.108809 
  0.998925   0.218257   0.512932   0.839112    0.61264   0.296032   0.637552 
  0.524287   0.493583   0.972775   0.292517   0.771358   0.526745   0.769914 
  0.400229   0.891529   0.283315   0.352458   0.807725   0.919026  0.0697553 
x=
 -0.358387 
   1.23537 
 -0.184235 
  0.217107 
  0.754583 
  -1.42665 
  0.978696 
b=
  0.949327 
  0.525995 
 0.0860558 
  0.192214 
  0.663227 
  0.890233 
  0.348893 
Checks that Ax = b:
Ax =
  0.949327 
  0.525995 
 0.0860558 
  0.192214 
  0.663227 
  0.890233 
  0.348893 


 B 
Inverse of A, B=
   0.18044    6.17202   0.615638  -0.893136   -3.15812   -1.37876  -0.961561 
   2.52389   0.062838    1.09179   -3.40862   -3.00565     1.8903  -0.922424 
 -0.541822   -1.05394   0.169935    1.80086   0.629732   0.171156  -0.132703 
 -0.371023   -6.56283  -0.321578    1.37054    4.77487   0.307326   0.989336 
    1.3412    1.65797  -0.758242  -0.533007   -1.47092  -0.410827   0.338937 
  -3.40157   -1.27242   -0.58599     3.2096     3.5179    -1.1884    1.80606 
 0.0681492   -1.20869 -0.0511173   -1.66453   0.534533    1.91753  -0.537277 
Checks that AB = I 
AB =
         1 -2.77556e-16 1.27329e-15 4.44089e-16 -2.77556e-17 3.33067e-16 1.36002e-15 
-2.77556e-16          1 2.74086e-16 3.33067e-16 -1.22125e-15 -1.11022e-16          0 
3.86843e-16 1.42594e-15          1 -1.06512e-15 -2.51882e-15 -1.38778e-17 -1.9082e-17 
4.42354e-17 -8.32667e-17 -8.32667e-16          1 2.28983e-16 -3.05311e-16 -1.2837e-15 
-7.49401e-16 -1.11022e-15 -1.36002e-15 6.66134e-16          1 -4.44089e-16 -3.33067e-16 
-2.498e-16 -5.55112e-16 -1.59595e-16 -2.22045e-16 -2.77556e-16          1 7.21645e-16 
5.86337e-16 -2.77556e-16 -2.01662e-16 -1.65146e-15 -7.97973e-16 3.33067e-16          1 
Checks that BA = I
BA =
         1 7.88258e-15 3.77476e-15 1.05471e-15 8.88178e-16 5.66214e-15 -3.27516e-15 
1.18239e-14          1 1.15463e-14 8.99281e-15 1.07692e-14 1.67644e-14 -2.63678e-16 
-3.05311e-15 -5.52336e-15          1 -2.31065e-15 -2.59515e-15 -4.56579e-15 4.85723e-17 
-4.44089e-15 -1.28786e-14 -6.16174e-15          1 -1.66533e-15 -8.99281e-15 3.89966e-15 
4.30211e-15 6.16174e-15 4.30211e-15 2.98372e-15          1 4.71845e-15 -1.249e-16 
-1.4988e-14 -2.35367e-14 -1.44329e-14 -1.04361e-14 -1.33227e-14          1 -7.49401e-16 
8.60423e-16 3.60822e-15 6.38378e-16 9.4369e-16  2.498e-15 3.71925e-15          1 


 C 
results are in C.png file 
